name: project-env
channels:
  - conda-forge
  - defaults
dependencies:
  - bzip2=1.0.8=h0ad9c76_8
  - ca-certificates=2025.8.3=h4c7d964_0
  - icu=75.1=he0c23c2_0
  - joblib=1.5.2=pyhd8ed1ab_0
  - libblas=3.9.0=35_h5709861_mkl
  - libcblas=3.9.0=35_h2a3cdd5_mkl
  - libexpat=2.7.1=hac47afa_0
  - libffi=3.4.6=h537db12_1
  - libhwloc=2.12.1=default_h64bd3f2_1002
  - libiconv=1.18=hc1393d2_2
  - liblapack=3.9.0=35_hf9ab0e9_mkl
  - liblzma=5.8.1=h2466b09_2
  - libsqlite=3.50.4=hf5d6505_0
  - libwinpthread=12.0.0.r4.gg4f2fc60ca=h57928b3_9
  - libxml2=2.15.0=ha29bfb0_0
  - libxml2-16=2.15.0=h06f855e_0
  - libzlib=1.3.1=h2466b09_2
  - llvm-openmp=20.1.8=hfa2b4ca_2
  - mkl=2024.2.2=h57928b3_16
  - numpy=2.2.6=py310h4987827_0
  - openssl=3.5.3=h725018a_0
  - pip=25.2=pyh8b19718_0
  - python=3.10.18=h8c5b53a_0_cpython
  - python_abi=3.10=8_cp310
  - scikit-learn=1.7.2=py310h21054b0_0
  - scipy=1.15.2=py310h15c175c_0
  - setuptools=80.9.0=pyhff2d567_0
  - tbb=2021.13.0=h18a62a1_3
  - threadpoolctl=3.6.0=pyhecae5ae_0
  - tk=8.6.13=h2c6b04d_2
  - tzdata=2025b=h78e105d_0
  - ucrt=10.0.26100.0=h57928b3_0
  - vc=14.3=h41ae7f8_31
  - vc14_runtime=14.44.35208=h818238b_31
  - vcomp14=14.44.35208=h818238b_31
  - wheel=0.45.1=pyhd8ed1ab_1
prefix: C:\Users\testp\miniconda3\envs\project-env
